0
0.0287718625168
0.0123353713404
0.0513236145625
0.000179955566907
0
0.00588853084932
0.00131277747452
0.00141783889079
0.000340372712107
0
0.00454037189396
0.00328087455637
0.00242916932948
0.000141523262996
0
0.00651208765264
0.00163612086719
0.00301659362777
0.000193471379774
0
0.00112487887085
0.000464570235497
0.000632766582292
0.000102243001275
0
0.00587565579701
0.00171684981943
0.00257207182626
0.000136946096131
0
0.00366486084462
0.00230803612017
0.00158713887298
0.000185674229124
0
0.027081841679
0.00549467568982
0.00927423258552
0.000354404277727
0
0.00468153908197
0.00142796381406
0.00222712624823
0.000157600149483
0
0.0217779500049
0.00642687078817
0.00650304351514
0.000310911292623
0
0.00529812248562
0.00173190066681
0.00248977793762
0.000174688373233
0
0.00263469193271
0.000792760831472
0.00134629976565
0.000139052811048
0
0.00569406844443
0.00180274216022
0.00199685839741
0.000144322771816
0
0.00179561709624
0.000189075569277
0.000817726599296
7.02315764821e-05
0
0.00226048516208
0.00114102918069
0.00137626352948
0.000132823827461
0
0.00595350910311
0.00124430925947
0.00332548474044
0.000152694998742
0
0.00863829901768
0.00145365959262
0.00467974198894
0.000144653397532
0
0.00290511282392
0.00111060053848
0.00121769736543
0.000121148295438
0
0.00396952545924
0.00102846362458
0.0024809879734
0.000127783901443
0
0.0197416930824
0.00302322527907
0.00613779838893
0.000176001181792
0
0.00489159380571
0.0
0.0
0.00453028102601
0.000573586799198
0
0.00222728768638
0.0
0.0
0.00143802228988
0.000498964022085
0
0.00209588373994
0.0
0.0
0.00587694444285
0.00045493954152
0
0.00410061727802
0.0
0.0
0.00578246678236
0.000485503808098
0
0.00174270754216
0.0
0.0
0.00343233116819
0.000454358756659
0
0.00406180233846
0.0
0.0
0.00237915572371
0.000900034278712
0
0.00195002947999
0.0
0.0
0.0261249848535
0.000553696019695
0
0.00345878568687
0.0
0.0
0.00382176676179
0.000813889347203
0
0.0047417728183
0.0
0.0
0.00308440980087
0.000457950211424
0
0.00231371176754
0.0
0.0
0.029921448273
0.000417468178766
0
0.00191766556142
0.0
0.0
0.00298812592191
0.000501627631358
0
0.00298527116812
0.0
0.0
0.0138216932783
0.000599663018041
0
0.00351361552521
0.0
0.0
0.00274691664662
0.000517465434409
0
0.000861646545189
0.0
0.0
0.00131980829472
0.000329000294988
0
0.0022801709333
0.0
0.0
0.00633172486808
0.000493571221115
0
0.00318815268967
0.0
0.0
0.0262536197969
0.000600507046808
0
0.00611681218419
0.0
0.0
0.00472850803019
0.000505771351494
0
0.00352662523834
0.0
0.0
0.00360486188006
0.00077226804953
0
0.00171314805063
0.0
0.0
0.0262252637308
0.000375873850983
0
0.00351159281489
0.0
0.0
0.00274606541726
0.000325025049567
0
0.0119605013826
0.00216014668896
0.0
0.000253648127244
0.000498549767481
0.0
0.0
0.000858939715638
0.000213432362249
0.00042811780706
0.000211733584889
0.000265245175661
0
0.00161796179557
0.0016993325698
0.0
0.000389260972041
0.000794794858743
0.0
0.0
0.00144218293094
0.000278016894212
0.000189360798733
0.000199302294687
0.000168327888971
0
0.00180550561998
0.00161344936981
0.0
0.00013990546544
0.000250543463218
0.0
0.0
0.000388005856841
0.000152992942314
0.000321492411005
0.000183888562612
0.000192599885171
0
0.00411889210376
0.000461072851684
0.0
0.000239789463129
0.000289295473045
0.0
0.0
0.000278165258965
0.000186301172323
0.000186301172323
0.000150721215526
0.000121936349226
0
0.00192614618873
0.00348484532529
0.0
0.000186634564185
0.000273796344297
0.0
0.0
0.000278681847096
0.000171249275801
0.000354273417572
0.000153074338963
0.000205805954256
0
0.0404581590299
0.000329889838985
0.0
0.000208808732971
0.000249127317084
0.0
0.0
0.000231922131053
0.000182677657025
0.000197860129986
0.000191466851644
0.000121936349226
0
0.00422171502606
0.00115818229516
0.0
0.000202944142663
0.000235193691958
0.0
0.0
0.000682629839795
0.000239757804124
0.000345958045071
0.000300546000645
0.000191912333028
0
0.000341427868151
0.000395251777111
0.0
0.000202395967048
0.000365455235505
0.0
0.0
0.000197773236772
0.000207941547541
0.000197773236772
0.00014216734559
0.000121936349226
0
0.00200812578403
0.00025525063527
0.0
0.000136486995314
0.000222770269663
0.0
0.0
0.000285709654925
0.000163603564868
0.000134488880843
0.000139173991135
0.000121936349226
0
0.00300386256254
0.00213915811394
0.0
0.000515565227926
0.000444874661654
0.0
0.0
0.000688763982636
0.000296812476829
0.000269749578231
0.000121936349226
0.00023014166835
0
0.0832347422213
0.00090588513632
0.0
0.000183288617503
0.000559538675541
0.0
0.0
0.000405069401352
0.000121936349226
0.000414133259125
0.000183288617503
0.000121936349226
0
0.00245563126211
0.00245490017677
0.0
0.00041425706158
0.000473575562562
0.0
0.0
0.00110459455339
0.000309079687855
0.00046132587272
0.00055976550643
0.00026910791781
0
0.00124525278478
0.00100999776347
0.0
0.000194367757706
0.000302933230111
0.0
0.0
0.000287896443878
0.000161291249724
0.00020229883835
0.000161895886615
0.000148953328325
0
0.0113770835508
0.00246609811359
0.0
0.000397604745783
0.000392944285382
0.0
0.0
0.000718741677935
0.000236192223775
0.000705619083946
0.00024740848406
0.000261308081336
0
0.00126329303576
0.000631872928475
0.0
0.000388511182941
0.00038355337346
0.0
0.0
0.000461643820875
0.000247371473705
0.000341375247015
0.000138331031881
0.000136066820206
0
0.00728252275673
0.00105123739752
0.0
0.000151694484148
0.000379086422439
0.0
0.0
0.00050462820499
0.000239187362431
0.000804657188731
0.000147470073463
0.0001657549556
0
0.0012137016807
0.000973428882576
0.0
0.00773687301297
0.000347311197578
0.0
0.0
0.000386394013521
0.000266976927735
0.000223215364414
0.000172266314223
0.000144194295482
0
0.00157177364349
0.00150049725856
0.0
0.00472463738624
0.000286274069274
0.0
0.0
0.000455645345968
0.000218340827816
0.000312756451403
0.000305385187123
0.000240021881147
0
0.00292982376973
0.000487346367329
0.0
0.000246642245952
0.000299899210995
0.0
0.0
0.000237625636224
0.000189620674792
0.000189620674792
0.000152058057405
0.000121936349226
0
0.000629005102258
0.000415238203681
0.0
0.00014113192057
0.000225140200865
0.0
0.0
0.000254911016568
0.000142693274931
0.00021158519272
0.000156215056593
0.000121936349226
0
0.000185128409571
0.00103176756072
0.000416213882589
0.00293911669823
0.000856503331439
0
0.000718841964328
0.00690619766195
0.000643946522057
0.0200219939686
0.00407673907303
0
0.000311717522081
0.00153899345391
0.000237046853043
0.00325051816567
0.00077258911357
0
0.000760221808066
0.00290500505916
0.00148124870273
0.0234375208548
0.00326526072325
0
0.000252655743887
0.00113112147812
0.000376182716949
0.00241268102433
0.000461992324091
0
0.00143571634499
0.00703143416555
0.00150810059548
0.0287150139814
0.005310517459
0
0.00019949159122
0.000666945072243
0.000301322791369
0.00207152930268
0.000363888964083
0
0.000505232897466
0.0023082896263
0.000695370570462
0.00801904089534
0.00133771074086
0
0.000425360265206
0.0017091838295
0.000465957617659
0.0072239287978
0.00161028818229
0
0.000411543024912
0.00221918526392
0.000731168114686
0.00975857143651
0.00158656367771
0
0.00292930920663
0.00739624511218
0.000983299540177
0.0225105414139
0.00141818353119
0
0.000263025062275
0.00184578764364
0.000488830405362
0.00812949411589
0.000956216276351
0
0.000747412177422
0.00389602001501
0.000671301102393
0.0261428016838
0.0019178988222
0
0.000530014860021
0.00193955431854
0.000466196703875
0.00936747053543
0.00258294159788
0
0.000507866304132
0.00376017639201
0.000640323562867
0.012969905858
0.00197624640033
0
0.000834987626537
0.00270505733367
0.000716386098062
0.016821674947
0.00170287535315
0
0.000454739096227
0.00280766718222
0.000430698411476
0.00686588464917
0.0105542932358
0
0.00164281463376
0.00364574252294
0.00102504083587
0.0187531337039
0.00172562036497
0
0.000504893865861
0.00241529528984
0.00054433980115
0.00825743842634
0.00070342180403
0
0.000125902489183
0.00115812814897
0.000215657054878
0.00165085571888
0.000316456161569
0
5.88207523859e-05
0.00013792176251
0.0
0.0230573965555
8.47878105151e-05
6.19088586664e-05
0.000195243383579
4.96791724971e-05
7.71491671202e-05
5.09069464755e-05
0
0.000107744676368
0.000514146116505
0.0
0.00628352698104
0.000155645414886
0.000108359130637
0.00043677893548
5.28382400845e-05
5.18117571757e-05
4.77214944656e-05
0
6.88279808742e-05
0.000825210020372
0.0
0.00614879894176
8.79739196214e-05
6.13398399035e-05
0.000975854778665
5.02095254151e-05
5.46663713157e-05
4.47469795201e-05
0
5.52891826779e-05
0.00037411525087
0.0
0.0168190495998
7.5508331807e-05
0.000119639254897
0.000634434708128
6.95952472312e-05
6.95952472312e-05
4.04841909234e-05
0
7.10544492885e-05
0.000423782208395
0.0
0.0175455047994
8.71063983668e-05
0.00011252620452
0.000417995891873
9.31236395334e-05
5.01543631429e-05
4.04841909234e-05
0
0.000103165732075
0.00350903113021
0.0
0.00948428995604
0.000109730436005
0.000269914161127
0.0033748854425
0.000105078225511
6.23426794891e-05
7.61382149982e-05
0
0.000157510436221
0.000580817816502
0.0
0.00957274160185
0.000146986774374
0.000159300970234
0.000644004854886
7.36206905912e-05
6.88739030749e-05
7.03444929971e-05
0
5.48105817587e-05
0.000303361617673
0.0
0.00925176484136
8.5719671294e-05
8.83901032695e-05
0.000261790630784
7.3886680428e-05
4.30131505159e-05
4.30131505159e-05
0
5.92704497601e-05
0.000218939979769
0.0
0.000807254213713
0.000108896624379
0.000118938417163
0.000351116779928
5.13728595267e-05
4.38296722349e-05
4.8358988692e-05
0
4.65413402245e-05
0.000159877935874
0.0
0.00165729488102
4.85548741431e-05
6.69473856467e-05
0.000201137926114
4.57000887286e-05
7.42067410563e-05
4.04841909234e-05
0
8.55025970536e-05
0.000374300988654
0.0
0.00100447963663
0.000120046564816
0.00017473481833
0.00114470776068
6.30414748671e-05
5.30801966488e-05
5.30801966488e-05
0
8.71747601545e-05
0.00038132495607
0.0
0.00605504505897
0.000193234241652
0.00122425800551
0.00229815018758
0.000143469818721
5.11658719458e-05
4.73240685194e-05
0
9.18272995865e-05
0.000748500485183
0.0
0.0045291084357
0.000242272795513
0.000251470969779
0.00139502074808
0.000119388819745
5.83466093162e-05
4.35543459189e-05
0
7.4705484232e-05
0.000558535663575
0.0
0.0282938479491
0.00020439031636
7.98219486824e-05
0.000222628143714
5.59441688274e-05
6.0799936236e-05
5.0413095297e-05
0
9.95696221525e-05
0.000750715771366
0.0
0.0645718913508
0.000129735036666
0.000108786163677
0.000923011811395
7.8226865616e-05
5.01543631429e-05
5.875056321e-05
0
7.72203079798e-05
0.000282021988355
0.0
0.015488554945
7.14486383445e-05
6.94590083993e-05
0.000316713846484
6.36805456176e-05
5.97248143585e-05
5.16972902662e-05
0
0.000105686169203
0.000486010509506
0.0
0.0541372283559
0.000103093254854
0.000118639444463
0.000645962272133
7.04743360775e-05
6.55047854274e-05
4.83290814831e-05
0
6.18892644671e-05
0.00023521132038
0.0
0.0226399601478
7.66695840544e-05
9.20797616604e-05
0.000270360062561
7.82487182366e-05
4.32371334162e-05
4.04841909234e-05
0
4.9047717041e-05
0.000191703561565
0.0
0.000883228265596
5.71454963813e-05
7.5877182467e-05
0.000925427538892
4.98018506721e-05
4.60088120475e-05
6.12640211843e-05
0
4.04841909234e-05
0.00021517206197
0.0
0.00047553474627
8.12689856509e-05
6.24310376864e-05
0.000494916026614
7.7599008607e-05
4.72011012178e-05
6.56628604011e-05
0
0.00263911975532
0.00141099003339
6.64975978116e-05
6.25417810079e-05
0.0151228978323
0.00012017895682
0
0.0226884431473
0.00259684281119
9.61397671811e-05
9.28350717454e-05
0.000477245355767
0.00186558463149
0
0.000940753131894
0.00116459421469
7.36160584068e-05
6.858092362e-05
0.00027229324545
0.000181701906116
0
0.00713031659636
0.00197620702697
7.18286197631e-05
0.000131712164957
0.000344907003852
0.000257704398863
0
0.00940931866775
0.00227348901125
7.76335567358e-05
8.71142293027e-05
0.000334403109351
0.000164100122931
0
0.0041237508372
0.00247092778026
9.32437835988e-05
0.000134221489973
0.000394724200833
0.000219579327113
0
0.0043431067438
0.00405016213752
5.95202666508e-05
8.93886807312e-05
0.000584080925881
0.000210732989022
0
0.00140405856003
0.00333935571568
6.55616649757e-05
6.43521666018e-05
0.00029801157146
0.000104722452567
0
0.00241511909669
0.000511851857697
7.31504676632e-05
5.95202666508e-05
0.000475439773409
0.000113972622018
0
0.00210980435593
0.00128260878895
8.61205486403e-05
6.31344261253e-05
0.000370561129177
0.000128681964012
0
0.0230989653569
0.00362849378585
7.13011017624e-05
0.000219478570463
0.000879695027327
0.00033255621123
0
0.0131602620346
0.00402767297065
8.48672599716e-05
0.00012328694008
0.000808480362431
0.000226653400363
0
0.0233167499705
0.00613129199714
8.98244900294e-05
8.66320706993e-05
0.00045322234362
0.000160895819435
0
0.00354097903104
0.00198930176851
6.77062692341e-05
8.62886139551e-05
0.000298643026476
0.000198162059975
0
0.00488827870885
0.00216172357699
7.17374523463e-05
6.3938120846e-05
0.000277870540459
0.000128361485103
0
0.00458974450214
0.00178991707359
6.18292237107e-05
8.43165930734e-05
0.000423666528541
0.000161060821205
0
0.00617061110588
0.00163184157739
7.30388214899e-05
8.34405796541e-05
0.000337492136418
0.000195124578941
0
0.00192874980477
0.00125152114757
8.7245874549e-05
6.19097264787e-05
0.00514305115202
0.000134005464038
0
0.0179282925415
0.011542311779
9.24957681068e-05
7.67003048836e-05
0.000341497970367
0.000136087876954
0
0.00515980276535
0.00127298693541
8.09092548586e-05
6.79222297981e-05
0.000310210935922
0.000101238398903
0
0.000224967352327
0.0143678500038
0.000358073860977
0.0
0.000281555131661
0.0
0
0.000201960961082
0.00532887480565
0.000198289015543
0.0
0.000209769173543
0.0
0
0.000387137578111
0.0830326053096
0.000447033411644
0.0
0.000280436567265
0.0
0
0.000239274158788
0.00590110415797
0.000274668497965
0.0
0.000302912188171
0.0
0
0.000264400671939
0.00990541621236
0.000429723821982
0.0
0.000393992855859
0.0
0
0.000306016724196
0.0198055360455
0.000560120140533
0.0
0.000297762927851
0.0
0
0.000143334355975
0.014298183236
0.000211552837907
0.0
0.000165480449697
0.0
0
0.000537104371054
0.0504507368527
0.000603858584082
0.0
0.000553353391052
0.0
0
0.000415141452675
0.0585247010251
0.000979297845399
0.0
0.000870124614909
0.0
0
9.18389734485e-05
0.0019931411827
0.000176022546031
0.0
0.000183270006554
0.0
0
0.000439356647726
0.0560471313538
0.000441598287863
0.0
0.000318818511866
0.0
0
0.000343115035003
0.029052911838
0.000277258954793
0.0
0.00034950031492
0.0
0
0.000154252266801
0.00313664537333
0.000213715702372
0.0
0.000141731259908
0.0
0
0.00010440794368
0.0276684849575
0.000264926956861
0.0
0.000586397305147
0.0
0
0.000272139049449
0.0234045448199
0.000645507861729
0.0
0.00029760090437
0.0
0
0.000601047196477
0.0744127281372
0.000671249888105
0.0
0.000520148469972
0.0
0
0.000302701376462
0.0226546209503
0.000702552816324
0.0
0.000731521223818
0.0
0
0.00023352487874
0.0101765528099
0.000435833129475
0.0
0.000338544632256
0.0
0
0.000258624524444
0.0130107174729
0.00054881807847
0.0
0.000255973068376
0.0
0
0.000191884438625
0.00533407608227
0.000275185580812
0.0
0.000163652026712
0.0
0
0.000425415984657
0.000962112736903
0.000333136553673
0.000383662299962
0.000716429477776
0.00017200347424
0.00014652896799
0
0.000462253044067
0.000986160282812
0.000304685520492
0.000545832120272
0.000872466583692
0.000208924274954
0.000174517762326
0
0.000206926707269
0.00378060681473
0.000468309742374
0.000371210313062
0.00125550824285
0.000378267633735
0.000254870658807
0
0.00030270551721
0.0024095605143
0.000423783933696
0.00080639442485
0.001082721815
0.000388289292592
0.0002375490506
0
0.000601891364489
0.0022122843457
0.00069033923099
0.000734262789206
0.00185803171336
0.000231366673472
0.00017015185025
0
0.000398229453395
0.00199522588412
0.000351456652195
0.000840941351446
0.0013444366742
0.000185106729861
0.00015664791817
0
0.000895082103337
0.0490242054326
0.000874908261402
0.0016100622357
0.00664595508066
0.000282291927855
0.000408998306822
0
0.000186684447861
0.00113106175381
0.000522476089153
0.000282664327676
0.00273083336179
0.000167910005883
0.000189096403825
0
0.000860359241154
0.0046485226956
0.000473100069526
0.00103616692742
0.00195558808614
0.000253469252905
0.000261599349619
0
0.000477538878295
0.00156973051089
0.000337586742644
0.000917230934639
0.00159004761789
0.000289217165586
0.000283988147135
0
0.000420540692345
0.000455377969555
0.000209763375601
0.000375055796622
0.000519723886873
0.000215122163545
0.000163522041047
0
0.000470832463852
0.00206721643067
0.00042947948422
0.000612845292465
0.00195553299256
0.000342824669373
0.000346877523801
0
0.000509876942704
0.00372659247113
0.000531099488022
0.000781890554744
0.0027027776412
0.000247126200137
0.00022449108772
0
0.000330646264977
0.000874271876304
0.000185763532531
0.000453209387067
0.000795940898412
0.000177429860455
0.000146427619924
0
0.000466645294083
0.00233384007482
0.000392738753783
0.000454046582968
0.00235376669162
0.000207845961868
0.000215432939991
0
0.000441168240088
0.00191714091943
0.000461671313414
0.000701522511191
0.00146117496052
0.000209119456449
0.000200125787869
0
0.000287839497294
0.000643209903411
0.000347366156217
0.00046171553583
0.00065134587798
0.000203274003996
0.000157270757447
0
0.000476290564818
0.00311444751966
0.000672396036336
0.00096807730093
0.00206890768042
0.000276774968778
0.000243831286495
0
0.000252723156366
0.000610883818862
0.000189652204051
0.000183612453533
0.000476676453569
0.000197162787922
0.000153184203419
0
0.000339890495267
0.00158640762823
0.000428286384403
0.000885531292539
0.00115722953689
0.000196053563706
0.000166096481985
0
0.00721422403045
0.000345576561106
0.000219697648903
0.00138906728135
0
0.0121963868525
0.000231482601437
0.000159187379777
0.000931620006364
0
0.00813311470377
0.0002036875231
0.000139968835822
0.00120531687408
0
0.0120562813157
0.000650016324542
0.000336841158183
0.000955654210521
0
0.0105559077285
0.000506946815707
0.000183063768671
0.0012529067503
0
0.0213139481649
0.000374455145274
0.000165603098817
0.00549446604795
0
0.0024082461901
0.000276588157909
0.000181619324466
0.000631609479063
0
0.00830716201265
0.00046551075513
0.000168430686487
0.00211215695211
0
0.00372307536011
0.000320250043369
0.000176020698867
0.000997180086234
0
0.012459448243
0.00101742289977
0.000229637198703
0.00318632760515
0
0.010346373538
0.000513686902838
0.000170724111325
0.00304507030259
0
0.0256567870018
0.000732284736026
0.000205929750683
0.00553007617256
0
0.00927903709746
0.000494845551903
0.000268908939966
0.00156677083464
0
0.00291134173144
0.000308178494004
0.000158305806661
0.000714506002063
0
0.00756286057718
0.000330721467305
0.000148162371796
0.00138101343055
0
0.016027870896
0.000547669969719
0.000167423008834
0.00193178783226
0
0.0126713325914
0.000575629814231
0.000160034730311
0.00182173109572
0
0.00699289731793
0.000497313156926
0.000161916593273
0.00219744595785
0
0.00415358658621
0.000359638792813
0.000157784058148
0.000838841063508
0
0.00437798472127
0.000360258145285
0.000146685374119
0.00148598827249
0
8.90317301437e-05
0.00611136519626
0.00349893804921
0.000186504807327
0
0.000119459786637
0.011125805807
0.00529562089648
0.000393987745353
0
8.91149568513e-05
0.0237997104242
0.0152601525898
0.000157987013558
0
0.000128296442386
0.00932649240146
0.00927800195825
0.00028486464058
0
9.96129051996e-05
0.00452221354284
0.00305579804413
0.000207212147825
0
7.87197906251e-05
0.0162943387176
0.00413369067299
0.000116343991359
0
9.15123229442e-05
0.00310693490223
0.00133444264988
0.00012188590102
0
9.36238561273e-05
0.0131966112811
0.00300611957011
0.000211683731546
0
0.000109230361373
0.00717028204172
0.00310225482418
0.000182871043033
0
8.86444346895e-05
0.0200363409882
0.0113565518407
0.00012545726696
0
0.000106165920886
0.00936311479964
0.00258788917125
0.000151666894737
0
9.44657697604e-05
0.02642446548
0.00466502326381
0.000281618624031
0
7.84731167837e-05
0.0256606326639
0.00372296976265
0.000194518153962
0
0.000116843906507
0.0187580297412
0.00306381257847
0.000183315074039
0
6.97616514902e-05
0.0142864066373
0.00210467191762
0.000135359566473
0
8.60957316428e-05
0.0153881602063
0.00264540695187
0.000135963080584
0
0.000100425978436
0.00877417606001
0.00272423436321
0.000204851285379
0
9.10851862157e-05
0.0302309205391
0.00447159611193
0.000212570069206
0
9.61578123162e-05
0.00596889965577
0.0016216841554
0.000133545851708
0
0.000100214783324
0.00877428962282
0.00155086850026
0.000148872933092
0
0.000843687230582
0.000282692113627
0.0351602145129
0.00021190015344
0.000340423809452
0
0.000356323715581
0.000104840941333
0.0170773786947
0.000126012375275
0.000298076888912
0
0.0162849764766
0.0005531337315
0.00915441260692
0.000330452208118
0.000615340020053
0
0.000390923810215
0.000153459875068
0.00143798962599
0.000139411954604
0.000135420366141
0
0.00131050051664
0.000488271472315
0.00140188567121
0.000219971891273
0.000349022826828
0
0.000551258550467
6.93444977361e-05
0.002097845279
0.000128138216094
0.000317378625393
0
0.000888940230715
0.000269337613826
0.0194135240566
0.000470706173548
0.000659743326348
0
0.00100664842552
0.000315038630248
0.0481007010889
0.000195346746004
0.000569839351027
0
0.000339523371104
0.000218911260856
0.0255208319889
0.000257792619448
0.000239122752338
0
0.00442629078971
0.00106553506457
0.0130903381718
0.000655095390253
0.00140123465683
0
0.00924898922519
0.000499243955556
0.00604203814192
0.000402947592393
0.000294739854982
0
0.000293322815689
0.000122128296621
0.00489475254917
0.000129876893399
0.000124504061104
0
0.00122576764847
0.000483248363425
0.0129734053779
0.000505715909356
0.00119876289829
0
0.0104924227699
0.000367581892646
0.003211178388
0.000159407236021
0.000450714939505
0
0.000479225260502
0.000211977418535
0.0123816959206
0.000202805051487
0.000894914651988
0
0.000304938275527
0.000165340068408
0.0018010561066
0.000176710935696
0.000230929812329
0
0.00165925811762
0.000170789313726
0.00411386060118
0.000257948279159
0.000368174992765
0
0.00284727836111
0.000411888354469
0.0153210641619
0.00048045392099
0.000241408699291
0
0.0016428384997
0.000218086998455
0.0225219839045
0.000259372299112
0.000427536935106
0
0.000270584134474
9.78335325993e-05
0.00438337742204
0.00010726550343
0.000215533797277
0
0.0189763767963
0.000379604584415
0.000121967854058
0
0.0130991680889
0.00134782810309
0.000124642834202
0
0.00170849541506
0.000171921756302
0.000101878182749
0
0.0278504216904
0.000753155026673
0.000139752017447
0
0.034118754016
0.000843488278191
0.000123917513224
0
0.0153318724606
0.0016879043096
0.000133098903889
0
0.0147651080117
0.00143134845952
0.000126916996555
0
0.0191651224397
0.000499957289882
0.000195206586789
0
0.0482051253739
0.000872224897752
0.000204780301121
0
0.00673771337601
0.00057265274964
0.000135591700459
0
0.0102945939367
0.000611656005652
0.000130668720118
0
0.022975072499
0.00163731458745
0.000159214362171
0
0.00690886364285
0.000611669031784
0.000165349118474
0
0.0134243600212
0.000471658196325
0.000140814322645
0
0.00830565893922
0.00072634969838
0.000227437891972
0
0.0121273620408
0.00168832950877
0.000120309489808
0
0.0232710790828
0.000829009083063
0.000194666029941
0
0.00819244271161
0.000333032480953
0.000128343426909
0
0.0250277421503
0.000754554491331
0.000152146568511
0
0.00638863237884
0.000376727997018
0.000139957539929
0
0.00170321208626
0.00289477838741
0.0172790759968
0.000859357493653
0
0.0235140224772
0.00234195154984
0.00193390466575
0.0105295366342
0
0.0154657883637
0.00302720844321
0.00159901491324
0.000939075927768
0
0.00195266835468
0.0127845111068
0.0225628031727
0.000924557966548
0
0.00216392768641
0.0393883119319
0.00196383307545
0.000761468899042
0
0.00101098490499
0.00263203597078
0.0147085178275
0.000739922139051
0
0.0011834568761
0.0134190319093
0.00871642608067
0.000564621799736
0
0.00082804567539
0.0108331129818
0.00135027976665
0.000461881168146
0
0.0246468587569
0.00205407939431
0.000997851370884
0.00159713442148
0
0.00389359509945
0.019110507444
0.00313118855045
0.00160483822836
0
0.000799507837475
0.00104670054668
0.00340563598458
0.000378175957365
0
0.00138917616158
0.00269910596712
0.00271137749904
0.000615175075457
0
0.000434609588794
0.000689938867223
0.000160122510497
0.000393271685556
0
0.00463833428946
0.00448795798899
0.00169472603257
0.00139514202383
0
0.00549425995607
0.019946982619
0.00615275273958
0.000650279151449
0
0.00682931197415
0.0113406711727
0.00694947184657
0.00174852512004
0
0.0238732701735
0.001816209138
0.00133292015374
0.00123636186968
0
0.00194642610049
0.00140826527817
0.000495404541936
0.000533238368255
0
0.000411989007862
0.000882116354153
0.00097401273431
0.000266646978207
0
0.00554569611806
0.0134839355485
0.00386762389003
0.00120293275629
0
0.0055980589982
0.0150040557401
0.00371689342409
0
0.001766959625
0.00879863191966
0.000645092309299
0
0.00178121094958
0.0056138717755
0.00188964096261
0
0.00069076222186
0.0015823446469
0.000701285316214
0
0.00440688757823
0.0193591859137
0.00247898137073
0
0.00083627866149
0.00287068535966
0.000685821369753
0
0.0012943565732
0.00251872092354
0.000646460945923
0
0.000594650718053
0.00123150501892
0.000253642678636
0
0.00184276156157
0.00871304788648
0.00107295771755
0
0.00734427402864
0.00287322745059
0.000303905999274
0
0.00112069923364
0.00263111606481
0.000401346212293
0
0.00307258268545
0.00790893062243
0.00364832469167
0
0.0023971232412
0.0209895106173
0.00279698841257
0
0.00302571782217
0.00286928313682
0.000885666473108
0
0.00087149650328
0.00617936719268
0.000799030947231
0
0.00187712055707
0.00252077656306
0.000859959176784
0
0.00177189653052
0.0174840787165
0.00169919701719
0
0.00135514538174
0.00286852818256
0.000501222751651
0
0.00265010550358
0.0134060791302
0.00446675811718
0
0.000907708398101
0.00424308844787
0.000718087562839
0
0.0108412405319
0.000364378065285
0.0
0.0027640844769
7.4807894294e-05
0.000100609736252
0.0020599792029
0
0.0106697541566
0.000157142791257
0.0
0.00359276618466
8.94729000328e-05
0.000120916109951
0.00142118061664
0
0.0164854729451
0.000239752727271
0.0
0.00238969065666
0.000114946784315
0.000194441765125
0.00202585248626
0
0.00518357181692
0.00018377080422
0.0
0.00255578689024
7.16805787175e-05
6.97285445507e-05
0.000474639254784
0
0.00980376376606
0.000241992876859
0.0
0.00152625546169
0.000104006673678
0.00014195272086
0.00172858654506
0
0.017436039643
0.000324198966919
0.0
0.00262261722285
0.00016356695887
0.000227987854103
0.00243186074713
0
0.00505903105308
0.000134981466018
0.0
0.00133904524801
7.72875889285e-05
7.79774660236e-05
0.000797641033039
0
0.010190712035
0.00028445316245
0.0
0.00177431457951
0.00010014476482
0.000147921662954
0.000717654830506
0
0.0194826648449
0.000325821214153
0.0
0.00664549800441
0.00010234891351
0.000130831176238
0.00248340426835
0
0.0219152610393
0.000154058370643
0.0
0.0019481262639
0.000101667120642
0.000123650196784
0.00127778887352
0
0.00542453290674
0.000323120667287
0.0
0.000985362822713
0.000106464719079
0.000117639778713
0.000509560533222
0
0.00703494048907
0.000116917055715
0.0
0.00119516828117
7.45519609536e-05
8.38318485436e-05
0.000968920084884
0
0.0137895177427
0.000417761797007
0.0
0.00233646753485
0.000198981014263
0.000180116414969
0.00150211596111
0
0.0145942224038
0.000314965632038
0.0
0.00261824352426
7.12097819586e-05
8.78155432087e-05
0.00216428030459
0
0.00582157055175
0.00018928261698
0.0
0.00252919824487
7.75341798009e-05
7.64704485167e-05
0.000543059199673
0
0.0114918000397
0.000272903338975
0.0
0.00330681670798
0.000144405371045
0.00011771361036
0.00135625787755
0
0.009635863046
0.000209411893327
0.0
0.00136571143529
8.78155432087e-05
0.00010948880383
0.00132228683389
0
0.00271644190244
0.000195601711904
0.0
0.000763018292336
0.000124461487048
0.000262075582245
0.000489142868422
0
0.00267663643968
0.000111832867401
0.0
0.000547105662737
8.84164679187e-05
5.92169262518e-05
0.00032473620504
0
0.0340402959899
0.000287674980503
0.0
0.00624101621888
0.000100356982835
0.000105606515044
0.00246926943526
