-0.79192855
-0.63583655
-0.15742608
-0.044826797
-0.92246442
0.036163198
-0.24332499
-0.16185293
-0.83459456
-0.66233313
-1.2358379
-1.0110745
-0.75708338
-0.38949921
-0.74209729
0.4738237
-0.54267893
-0.16909398
0.072540749
-0.52326071
-0.84189885
-0.41696244
-0.036111742
1.0398104
-0.54149874
-0.89799164
-0.4391819
0.056209535
0.84142049
0.35572647
-0.33257947
-0.49358354
0.38231885
-0.055110242
-0.84692594
-0.86556237
-0.22692845
-0.50146822
0.31646116
0.074254865
-0.31479601
0.079367724
-0.11299433
-0.54102703
-0.94540118
-0.88447848
0.75978887
1.7451898
-0.76061129
-0.23539832
0.14549281
0.54939255
-0.63069693
-0.75744903
-0.328916
-0.19484512
-0.15850532
-1.0072955
-0.041430822
-0.18657073
-0.68925989
0.34505135
-0.18830769
-1.0778911
-0.49939053
-0.52840432
-0.98297713
-0.21290338
-0.32142087
0.87893714
-0.91308763
-0.33409891
-0.36084568
0.21159232
1.8580539
-0.7078933
-1.4043781
0.093854763
-0.12901796
1.124204
-0.89745198
-1.4237567
0.30586717
-0.35250992
-1.1563815
-0.39751317
-0.97819221
-0.17467885
0.41545588
0.79036826
-1.0882003
-0.8888867
-0.37225445
-0.59760246
-0.21464947
-0.30583095
0.75247125
-0.051305872
-0.64839917
-0.085151636
-0.33676493
-0.16797711
-0.49408016
-0.77646398
-0.62803169
0.19326468
-0.25464972
0.3461487
-1.2509297
-0.67724942
-0.31934798
0.34437818
-0.34047064
0.043769909
-0.80181217
-0.62654681
0.037563208
-1.1327534
0.75420029
0.23926143
-1.2964173
-0.27526447
0.35996656
-0.55940676
0.34263909
0.22154306
-0.41177773
0.097065205
-0.028308618
-0.77735643
0.34014271
-0.27823469
-0.66280531
-0.23467614
0.30262852
-0.69773438
0.75580065
-0.41701261
0.0166494
-0.71779037
-0.83360032
-0.21532071
-0.99304969
-0.68760873
0.081404378
-2.122784
-0.91984683
-0.47807832
-0.32774747
-0.071806895
0.18592269
1.2314103
-0.6749603
-0.56130501
-0.34495992
-0.96749766
0.12707769
-0.44930277
-1.218403
0.025691013
-0.29964335
-0.13800685
1.4797054
-0.34636277
0.10566049
-0.99376105
-0.045027156
0.7809902
-1.2247798
0.75696092
-0.60626563
0.049125992
-0.13344792
0.11560153
-0.13363664
-0.154648
0.055171253
-0.16843408
-0.050295184
0.099983153
-0.91376736
0.37348017
-0.26831343
0.60865159
-0.67127428
-0.6524222
-0.87985396
-0.18980988
-0.50535038
-0.81514851
-0.70444506
-0.55315715
-0.37629168
1.4611203
-0.16569413
-1.2408797
-0.76506957
-0.39705525
-1.1367695
-0.15554027
0.22425475
-0.24345426
-0.6789911
-0.88258054
-1.124156
-1.265904
0.6233302
0.55977533
-0.48003092
-0.092709281
-0.16957394
-0.51840973
-0.71003315
0.13273673
-0.11191512
-0.335311
0.52814159
-0.9315944
-0.91363442
-0.24026971
-0.027179011
0.00097880848
-0.28453154
-0.25260011
-1.0915453
2.1225763
-0.51478637
-0.50312524
-0.66440361
-0.017189174
-0.86237241
0.020345619
0.3954617
-0.93680226
-0.85490518
3.3392026
-0.30087832
2.4924098
-0.089048894
0.058456358
-0.60366908
0.64854799
0.34969081
-0.0039245394
-0.73054489
-1.0995887
-0.38485067
0.018778999
-1.8342521
-0.43337086
-0.51983016
-0.90515472
-0.083080825
-0.81920949
-0.39385819
-0.044364976
-0.80015575
0.8711472
-0.80208123
-0.24243863
0.23387042
-0.72357451
-0.49306472
1.594034
-0.068634899
-0.23504444
1.1812725
-0.49932065
0.39836422
0.035336467
-0.24550868
-0.42366456
-0.38863545
0.59001352
-0.3926443
-0.6672948
-0.26855829
-0.23943954
0.44607687
-0.59248239
0.095789744
-0.4256737
-0.94066912
-0.25397492
0.85202278
1.9704173
-0.33731975
-0.83547848
-0.57766019
-0.12648041
-0.96756874
-0.69647756
-0.056929997
0.29026913
-0.19294599
0.1699549
0.11370668
-0.41092944
-0.086004427
1.1280489
-0.79336389
0.95361866
-0.6565042
-1.3347288
-0.70844099
-0.5152471
-0.17963266
-0.86911132
0.54762625
-0.68108608
0.043525707
-1.1357718
-0.14973283
-1.0920317
-1.2948397
0.45068794
0.35799373
-1.4015271
0.44210773
-0.015190503
0.54939255
-0.43195298
-0.35123074
-1.0486652
-0.58823182
-0.88700552
-0.28362671
-0.099783337
0.36813378
-0.3307762
0.33173906
0.56619787
-0.83200527
-0.53156404
-0.66540117
0.19089589
0.42644885
-1.2454825
-0.3011686
1.4660529
-0.49447482
-0.57593109
-0.047950617
0.65468995
-0.41091428
-0.42016124
-0.61274964
-0.48446695
-1.5252302
-0.84959292
-0.64880965
-0.22668551
0.055773437
-0.016517455
-1.3075971
-0.92020682
-0.091579558
-1.2259048
-0.10461937
-0.26328176
0.25800427
-0.25309873
-0.9241267
-0.86411741
0.62368174
-0.022324623
-0.56202182
0.61388671
-0.32922917
-0.24257916
-0.67127257
-0.70195258
0.17998962
0.11265792
-1.0562647
-0.90132312
0.069907479
-0.051900875
-0.54824512
-0.59886531
0.15804255
0.34124429
-0.039926727
-0.64986965
-0.35341472
0.39155038
-0.69476788
-1.0468642
-0.50293785
0.097729684
-0.053637096
-0.39918375
-0.48727573
-0.18735945
-0.96494726
-0.77999803
0.57470573
-0.54710545
-0.54858922
-0.29401205
-1.2406107
-0.23441865
-0.18635639
-0.21216423
-0.46522444
0.0049776952
0.46974313
-0.40480139
0.33288512
-0.6852317
-0.2877746
0.011680474
0.2990043
-0.35883505
0.45985464
-1.1753434
-0.74072609
-0.75730229
1.1464203
0.40028888
-0.75806742
0.71530764
-1.0973684
0.32021089
-1.5639967
-0.20019319
0.080246437
-0.66115868
-0.78367762
-0.94452492
-0.19133476
-0.67977037
-0.20728765
0.32830818
-0.51239952
0.12301813
-0.95025701
-0.029145745
-0.49254068
-0.92971363
-0.54269465
-0.75707264
-0.32136445
-0.33720332
-0.73652414
0.72506719
-0.65169843
-0.51940365
-0.067839552
-0.82797962
-0.61400746
-0.5322297
-1.1943326
-1.698578
0.66891609
-0.5825412
-0.55066162
-0.52313067
-0.16669177
-0.81809869
-0.29291284
-0.0051518841
-0.65455631
-1.0590178
